----------------------------
Shapiro and Senepathy (1987)
----------------------------

5'
   1   2   3   4   5   6   7   8   9   # count
  e3  e2  e1  +1  +2  +3  +4  +5  +6   # position
A 032 058 010 000 000 057 071 005 016
C 037 013 004 000 000 002 008 006 015
G 019 015 078 100 000 039 012 087 022
T 012 015 008 000 100 002 009 005 047

3'
   1   2   3   4   5   6   7   8   9   10  11  12  13  14  15   # count
  -14 -13 -12 -11 -10 -9  -8  -7  -6  -5  -4  -3  -2  -1  e1    # position
A 009 009 007 007 010 010 007 009 006 006 023 003 100 000 028
C 031 033 031 035 035 035 043 041 039 040 029 074 000 000 012
G 015 013 011 007 007 011 007 008 006 008 023 001 000 100 049
T 045 045 051 051 047 044 042 042 048 046 027 022 000 000 010

----------------
From RefSeq data
----------------

NEED TO REBUILD DATABASE FIRST!

Use bedtools flank to get BED files for 5' and 3' sites
Site type is already indicated in database
SELECT var_id, start_pos FROM variants WHERE source="REFSEQ" AND type="ACC"

database positions is at +- 1 so for the desired positions need:
    5': start -3    end +6
    3': start -4   end +1
DO A FEW AND CHECK THAT IT'S GETTING THE RIGHT BASES.

discount any site containing an N.

5'
   1   2   3   4   5   6   7   8   9   # count
  e3  e2  e1  +1  +2  +3  +4  +5  +6   # position
A 033 064 009 000 000 060 069 008 017 
C 036 010 002 000 000 002 007 005 014 
G 018 011 080 099 000 033 011 077 018 
T 012 013 006 000 098 002 011 007 048 

3'
   1   2   3   4   5   6   7   8   9   10  11  12  13  14  15   # count
  -14 -13 -12 -11 -10 -9  -8  -7  -6  -5  -4  -3  -2  -1  e1    # position
A 022 037 009 004 004 035 039 010 013 008 023 005 099 000 025 
C 031 019 015 013 014 016 019 019 024 029 027 064 000 000 014 
G 015 011 045 054 005 022 010 042 012 006 020 000 000 099 048 
T 030 032 029 027 075 026 029 027 049 055 028 028 000 000 011 

------------
side by side
------------

5' S+S
   1   2   3   4   5   6   7   8   9   # count
  e3  e2  e1  +1  +2  +3  +4  +5  +6   # position
A 032 058 010 000 000 057 071 005 016
C 037 013 004 000 000 002 008 006 015
G 019 015 078 100 000 039 012 087 022
T 012 015 008 000 100 002 009 005 047

5' RefSeq
   1   2   3   4   5   6   7   8   9   # count
  e3  e2  e1  +1  +2  +3  +4  +5  +6   # position
A 034 064 010 000 000 061 070 009 018 
C 036 011 003 000 001 003 007 006 015 
G 018 011 081 100 000 034 012 078 019 
T 012 014 007 000 099 003 011 008 048  

5' Difference
   1   2   3   4   5   6   7   8   9   # count
  e3  e2  e1  +1  +2  +3  +4  +5  +6   # position
A +02 +06  -   -   -  +04 -01 +04 +02
B -01 -02 -01  -  +01 +01 -01  -   - 
C -01 -04 +03  -   -  -05  -  -09 -03
D  -  -01 -01  -  -01 +01 +02 +03 +01

3' S+S
   1   2   3   4   5   6   7   8   9   10  11  12  13  14  15   # count
  -14 -13 -12 -11 -10 -9  -8  -7  -6  -5  -4  -3  -2  -1  e1    # position
A 009 009 007 007 010 010 007 009 006 006 023 003 100 000 028
C 031 033 031 035 035 035 043 041 039 040 029 074 000 000 012
G 015 013 011 007 007 011 007 008 006 008 023 001 000 100 049
T 045 045 051 051 047 044 042 042 048 046 027 022 000 000 010

3' RefSeq
   1   2   3   4   5   6   7   8   9   10  11  12  13  14  15   # count
  -14 -13 -12 -11 -10 -9  -8  -7  -6  -5  -4  -3  -2  -1  e1    # position
A 022 037 010 004 004 035 040 010 013 009 024 006 100 000 026 
C 032 019 015 013 015 016 020 020 025 030 027 065 000 000 014 
G 015 011 045 055 005 022 011 043 012 006 020 000 000 100 049 
T 031 032 030 028 075 026 028 027 050 055 028 028 000 000 011 

3' Difference
   1   2   3   4   5   6   7   8   9   10  11  12  13  14  15   # count
  -14 -13 -12 -11 -10 -9  -8  -7  -6  -5  -4  -3  -2  -1  e1    # position
A +13 +28 +03 -03 -06 +25 +33 +01 +07 +03 +01 +03  -   -  -02
C +01 -14 -16 -22 -20 -19 -23 -21 -14 -10 -02 -09  -   -  +02
G  -  -02 +34 +48 -02 +11 +04 +35 +06 -02 -03 -01  -   -   - 
T -14 -13 -21 -23 +28 -18 -14 -15 +02 +09 +01 +06  -   -  +01
